{
 "cells": [
  {
   "cell_type": "code",
   "execution_count": 1,
   "metadata": {},
   "outputs": [],
   "source": [
    "import numpy as np\n",
    "import scipy\n",
    "import scipy.linalg as la"
   ]
  },
  {
   "cell_type": "code",
   "execution_count": 2,
   "metadata": {},
   "outputs": [
    {
     "name": "stdout",
     "output_type": "stream",
     "text": [
      "[[1 2 3]\n",
      " [4 5 6]\n",
      " [7 8 9]]\n",
      "[[0. 1. 0.]\n",
      " [0. 0. 1.]\n",
      " [1. 0. 0.]]\n",
      "[[1.         0.         0.        ]\n",
      " [0.14285714 1.         0.        ]\n",
      " [0.57142857 0.5        1.        ]]\n",
      "[[ 7.00000000e+00  8.00000000e+00  9.00000000e+00]\n",
      " [ 0.00000000e+00  8.57142857e-01  1.71428571e+00]\n",
      " [ 0.00000000e+00  0.00000000e+00 -1.58603289e-16]]\n",
      "[[1. 2. 3.]\n",
      " [4. 5. 6.]\n",
      " [7. 8. 9.]]\n"
     ]
    }
   ],
   "source": [
    "A = np.array([[1, 2, 3], [4, 5, 6], [7, 8, 9]])\n",
    "P, L, U = la.lu(A)\n",
    "B = P.dot(L).dot(U)\n",
    "print(A, P, L, U, B, sep='\\n')"
   ]
  },
  {
   "cell_type": "code",
   "execution_count": 3,
   "metadata": {},
   "outputs": [
    {
     "name": "stdout",
     "output_type": "stream",
     "text": [
      "[[-0.12309149  0.90453403  0.40824829]\n",
      " [-0.49236596  0.30151134 -0.81649658]\n",
      " [-0.86164044 -0.30151134  0.40824829]]\n",
      "[[-8.12403840e+00 -9.60113630e+00 -1.10782342e+01]\n",
      " [ 0.00000000e+00  9.04534034e-01  1.80906807e+00]\n",
      " [ 0.00000000e+00  0.00000000e+00 -1.11164740e-15]]\n"
     ]
    }
   ],
   "source": [
    "Q, R = la.qr(A)\n",
    "\n",
    "print(Q, R, sep='\\n')"
   ]
  },
  {
   "cell_type": "code",
   "execution_count": 4,
   "metadata": {},
   "outputs": [
    {
     "name": "stdout",
     "output_type": "stream",
     "text": [
      "[[1.41421356 0.        ]\n",
      " [2.12132034 0.70710678]]\n"
     ]
    }
   ],
   "source": [
    "C = np.array([[2, 3], [3, 5]])\n",
    "L = la.cholesky(C, lower=True)\n",
    "print(L)"
   ]
  },
  {
   "cell_type": "code",
   "execution_count": 5,
   "metadata": {},
   "outputs": [
    {
     "name": "stdout",
     "output_type": "stream",
     "text": [
      "[0.14589803+0.j 6.85410197+0.j]\n",
      "[[-0.85065081 -0.52573111]\n",
      " [ 0.52573111 -0.85065081]]\n"
     ]
    }
   ],
   "source": [
    "values, vectors = la.eig(C)\n",
    "print(values, vectors, sep='\\n')"
   ]
  },
  {
   "cell_type": "code",
   "execution_count": 6,
   "metadata": {},
   "outputs": [
    {
     "name": "stdout",
     "output_type": "stream",
     "text": [
      "[[-0.21483724  0.88723069  0.40824829]\n",
      " [-0.52058739  0.24964395 -0.81649658]\n",
      " [-0.82633754 -0.38794278  0.40824829]]\n",
      "[1.68481034e+01 1.06836951e+00 3.33475287e-16]\n",
      "[[-0.47967118 -0.57236779 -0.66506441]\n",
      " [-0.77669099 -0.07568647  0.62531805]\n",
      " [-0.40824829  0.81649658 -0.40824829]]\n"
     ]
    }
   ],
   "source": [
    "U, s, VT = la.svd(A)\n",
    "print(U, s, VT, sep='\\n')"
   ]
  },
  {
   "cell_type": "code",
   "execution_count": 7,
   "metadata": {},
   "outputs": [
    {
     "name": "stdout",
     "output_type": "stream",
     "text": [
      "[[1.68481034e+01 0.00000000e+00 0.00000000e+00]\n",
      " [0.00000000e+00 1.06836951e+00 0.00000000e+00]\n",
      " [0.00000000e+00 0.00000000e+00 3.33475287e-16]]\n"
     ]
    }
   ],
   "source": [
    "print(scipy.diag(s))"
   ]
  },
  {
   "cell_type": "code",
   "execution_count": 8,
   "metadata": {},
   "outputs": [
    {
     "name": "stdout",
     "output_type": "stream",
     "text": [
      "(2, 1)\n"
     ]
    }
   ],
   "source": [
    "s = np.array([[4], [7]])\n",
    "print(s.shape)"
   ]
  },
  {
   "cell_type": "code",
   "execution_count": null,
   "metadata": {},
   "outputs": [],
   "source": []
  }
 ],
 "metadata": {
  "kernelspec": {
   "display_name": "Python 3",
   "language": "python",
   "name": "python3"
  },
  "language_info": {
   "codemirror_mode": {
    "name": "ipython",
    "version": 3
   },
   "file_extension": ".py",
   "mimetype": "text/x-python",
   "name": "python",
   "nbconvert_exporter": "python",
   "pygments_lexer": "ipython3",
   "version": "3.7.4"
  }
 },
 "nbformat": 4,
 "nbformat_minor": 4
}
